418

*vm 1, 11
*vm 1, 11
111111 1, 11
Ι11111 1, 11

· Ι11111111

11 118
*lx 1, 23
11 1, 13
11 2, 1
111 2, 11
*lx 2, 21
11 2, 31

*lx 3, 1
11 3,12
11 3, 21
11 1118
11 3, 111.

111 3, 01

111 1,]

111 1,1-111
11 1, 11
11 1, 20
11 1,11
11 1, 11

*lx 111

*lx 113
11 4, 85
11 1, 111
11 1, 113
11 1, 137

*lx 1138
11 1, 111
11 1, 111

*lx 4, 112

lx 4, 11111.

111111
11111.
x 11
x 1,4
x 1, 11
11111
1 1, 11
1111
1111
*1111
1111
1111

INDEX 1011)Ιίῑῖ Μ.

1811201201 1 1123
1211- 1130
1311 ’1131
2111 11133
1211 *1131
201 1110
2211 11111
101 , 1113
611 11110
1011 1111
1011. 1118
31 1110
3311 1130
151 , 1133
11 1 1111
201 1 1108
3211 11110
2111 1111

1211 1811 11113
2111 1111
181 ’1180
3311 11131
1111 4’1132
311 1183
2211 111,οθ
231 1131
101 11133
101 1100
2111 11198
2211 11100
201 ’11102
3111 11103
1011 11101

1811 20112011 11103
201 11100
3111 111101
3111 ’11113

811301 *x 1,114
321 1111115
2311111110

11381111111117
321 11111118
17111·11113

1111 1111111111111
1811 11122
1811,·11,123
40101’Χ1,124

3211
2211
31111112211301
3111
301
1611
1811

51 ·'

111

2011 ·

3111 ·

51111

10112111 1

1211

2411 251
201

2211

1211 1811 211111
2111 2011
181 211
3611

201111

1311 1111
81

31 3911

21 151 2311
2511 3111
2111 .

 

