131131 1333111111. 307
Orat, 36, 80
-13, 3ο

³- 33, 131

⁵- 33, 104

⁶- 36, 104
- 36, 106

1- 33, 113
- 31, 113
.- 33, 113
-- 31, 113

0- 36, 113
- 36, 113

3011
213
313 41

611 0113 opt. gen. 7, 22
3211 113311. Post. (1) 4, 13
203 -4, 14
1813 0-5, 10
1811 -5, 21
3111 -7, 27
301 -0,33
-0, 35
-12, 46
Acad. Pr. (161636
-11, 35
3113 -17,05
1013 3111 -18,56
2211 ·-20,64
111611013 -23,72
1411 1811 -20, 80
2213, -32, 103
4011 1-33, 112 1813 3213 1
2211 ·-36, 115
2111 -,-45, 138
18 3 Parad. Prooem. 0
17111 -111 1, 22
1011 ‹le div. 1 28, 59
2213 -131,66
2213 -140, 110
22131 -113,8

32 11
81 3. 16. 36
31 33
36 31

- 36, 136
⁵- 31, 113
·— 36, 133

¹—- 39, 134 f.
⁶— 41, 142
— 44, 149
⁸— 44, 151
⁵—- 45, 152
— 48, 131)
-- 411, 165
¹— 50, 168
¹— 62, 174
¹- 53, 1ῖῖ
⁵— 54, 181 f.
— 66, 166
⁵·— 5'1, 101
— 111, 192

1111 -11 111, 13
331 -1161,105
- 11 31, 113
- 11 66, 111

2213 1
3511 ᾗ
3111 Ι
2213 ’

- 58, 108
⁵— 63, 212 ff.
— 08, 228
⁵— 70, 232 f.
— 70, 233
¹— 71, 230
Top. 5, 28
⁵— 33, 83
- 24, 01

- ΙΙ 70, 144
-11 72, 150
1131313 0, 12
-- 0, 20

113 fin. I 1,11
- 1 13, 43
-1 13, 44
- Ι 20, 60
-- 11 1, 3

283 -
2213
1113 ᾗ
2213 ’
1013
2011
311

Orat. Part. 5, 15 03 1 -11 4,11

de opt. gen. 1,1
¹- 3, 5
*- 3, 8
⁶—- 4, 10

— 4, 12

- 5, 13

— 0, 17

1013 j -1112,38

2211 Ι *- 11 13, 42

23 11
12 13
3013
21 3
31 13

1- 11 13, 31
- 11 13, 13
-11 11, 11

3-11 13, 31
-111 11, 33

 

