011111

’ ·[11 111111111-111

Ι1-14

1-1111
-111,11
-1111,11

-111 13, 23
*- III 16, 281.
- lv 11, 10
⁵— 1v 12, 18
- IV 14, 20
- 1v 26, 36
⁴⁸— IV 28, 30
-·1v 33, 44
¹— IV 51, 65
Ι1111111111. 11, l
⁴⁸- Ι 2
⁴⁸—- 1 5, 6
- Ι 15 ff.
⁴³— Ι 20, 28
- 111, 35
- Ι 31, 51
- 111, 87
- 152, 08
-- 11 4, 12
-11 16, 50
- 11 20, 61
- ΙΙ 51, 154
—- II 57, 170
-- II 57, 171
'de orat. 1 ext.
--1 1, 1
'— 1 2, 4
ι--Ι 2, 5
-1 3, 10
-Ι 3, 12
⁵-1 4, 14
1Ι--Ι 4, 15
-1 5, 17
⁴⁹—1 5, 18
—I 5, 10
⁴·— 1 0, 20
—I 7, 24
⁶- Ι 8, 30
⁴⁹—1 8, 31
0--1 8, 32
⁵—1 8, 34

INDEX LOCORUM.

*de orat. 1 0, 38

311 *—110,40,
1911 -110,42
1011 1-110, 43
1411 ’-111,46
51 *--111,47
1411 -111,48
3311 -Ι12,50
1811 -112,52
2111 1--112,53
2111 -112,54
411 ·-113, 55
3311 11---113,50
mm n-lmw
201 -113,50
4011 1--115,04
3311 -ΙΙ5,05
3011 *-115,68
1911 -115,60
1911 -Ι16,70
3011 11-110, 72
351 *—117,74
41 *-118,84
2211 ·-110,87
311 ’--120,80
611 *-121,04
1011 1911 11-121,06
311 -122,102
1011 -Ι23, 107
1011 -124,111
421 -Ι25,113
3011 1--125,110
11111 -125, 117
3311 1·--Ι20, 121
3111 -127, 124
181 1--127,120
4011 1ῑ--123, 130
3711 ·-131,137
2611 1-131, 138
301 *-131,141
3011 -Ι31,142
3011113211 11-133, 140
301 11-133,150
51122114011 -133152
611 -131,153
511181 1---134,157
2311,*--134,158

303

4011

181

311

2411

3211

311 251 3111
311111

1811
30111
3111
3311
3111
2011
3011

1811 1011
2511

3011

3011
3211
111
241
011
3211
11
2011
311
251
3211
111
611
1011
301
2311
3011
2011
281
3011
311
3011
311
0011Μ1
341

611

121 2611

2011
121 3711
301

 

