422

de ben. IV 12, 2
-1v 34,5
— IV 40, 1
— V 11, 3
- V 25, 3
—- v1 3, 4

⁵— v1 32, 4
-v1 43 ext.
-— v11 1, 2

*de 11111. vit. 2, 4
- 3, 3

*- 15, 4

⁴¹— 20, 1

'de clem. Ι 2, 1
-1 2, 2
⁵— Ι 3, 1
-1 8, 6
-1 10, 1

- Ι 22, 3
-1 21, 2
- 11 6, 1
'ConsoL 111 lIelv. 6, 2

- 10, 1
- 12, 3
— 20, l
¹ *0111111111 11111. 16,0
⁴— 10, 2
⁹— 21, 2 f.
0111161111 Polyb. 0, 5
-17, 2
deira 1 103
-11 8, l
*- II 1811.
— 11 31, 1
-111 0, 5
-- 111 5, 7
- 111 32, 3
*- 111 30, 4
*—- 111 37, 5
— 111 38, 1
de otio 8,3
*de rem. fort. l2‚4
de tranq. 8, 3
-11, 8
⁴*— 11, 4
- 15, 3
- 17, 3

INDEX LOCORUM.

3111 de vit. beat. 3, 2
21 -13,4

1311 -22,1

201 *1)111. Ι 2011.
411 -15,4

61 -1111,4
1811 *—1V21‚10
101 —vl115‚2
611 -xl1‚3
111 11-ΧΙ 114
911 *—xl118‚8
2311 Nat Quaest. Prol. 0
131 -12,8

411 -11121,1
911 Epist. Mor. 3, 2
619 -4,l
911 -5,1
4111 -6,2
4111 -1,2
301 -8,32
911 ·-14,2
2011 —14‚ 11
2011 11--11, 10
281 -11,2
2311 -10,3
1811 -10,11
01 -20, 12
1611 -23,3
3811 *--21,011.
181 -27,1
1611 1--30,1
61 -31, 10
281 -32,2
1011 -31,2
2311 -36,3
911 *-31,3
3611 -31,4
811 *-40,2
2111 ——40‚4
31 —40,8
1011 -40‚ 13
4011 *-41,0
811 ’-11,8
1011 -47, 10
2311 -48,2
011 -50,4
911 -ῠ2,11

 

1111 131111

