420 191191 19999111.

1113 111 11, 20

*XII 3, 111. XII 11, 28

1111134 3091 3319 111 11, 31

111 3, 11 13 11 [Declam] 3, 4
11131 2019 3191 -12,1

1111911 691 ’-10,2

*11101 3419 1-18

11110,4 3391 -18‚11

111100 3419 -20,3

111 0, 0 1419 - 80, 8

11113141. 3499 -100,5

XII 1, 1 22 91 - 104, 28

XII 7,0 091 -213,8

11184 3799 ⁵—- 211. 211. 232.
11102 409 1--233

11104 141 -288,0

1110,8 011 ⁶—- 262. 270, 280. 301.
111 0, 10 1311 300. 320. 330. 343.
111 0, 20 09 308. 383. 384
*1111010 2191 2--208
’1111011 81 1499 109 2311 ⁴—- 282. 288. 345. 374. 382

1’111 101211. 12 99 1819 Rhome. ormi
XII 10, 13 1899

,ΧΠ Μ, 14 13¹9 11'4111110nys.ap.syr1an.) ·
XII 111,15 2314'11'·3⁰¹⁵Sp·(¹³⁰¹¹gi¹¹u⁸) ⁰²²³

91111919 1911 1119313 9911

XII 111, ¹22 ²5 ¹⁶ Rhetorou 11911111 11991991911191111)

ἰ,11111199 1111 191 *1- 39 (Rufimanus) 231
’ΧΠ Μ ⁹⁹ ¹⁴¹ ³²2⁹ p.101‚30(Fortunatianus) 20³

«11111110 3²¹³ p. 1211811‘0r1unatianus) 2199
1111041 ³⁶ ¹¹ p. 919 (Victorinus) 1419
11111144 ¹4¹² 119919111111111111) 21⁸

XII 10. 41111. 32 ¹⁷ ·p,515(11u1111us v. 1611.)
1111 1911 2⁰⁵

*X11 10, 48 2019 Sallustius
1111033 319 0993
1111030 3199 -0
4111110,οὅ 189 -8
11111000 1811 1--17
’1111073 209 -23 819 2819
11110,ῖὸ 31 --31
111112 2391 ·
111111,3 1319
*1111115 341
11111114 289
1111110 379
1111124 3191

 

