396 111031 3000111111.

31310116162 3614 *Brun 86, 20511. 186
*-10,166 611 -67, 207 161
’-60,201 03 3314 -67, 206 333
1-66, 204 1010 1613 361 -66, 302 2017
-00,206 213 *-60,305 343 3610
6-06, 210 3711 h 2---00,306 30141.
⁸—58, 211 2313.14.311“-90,300 410201130113133
11--60, 2131. 3711 1-00, 310 313
*-60,216 3711 -00,312 913
-01,210 633 “-01,316 3010
1·--62, 222 3711 2-01, 316 1613
2---62,226 2611 ·-02,317 111 3433
-04,229 3611 -32,313 2210 263
⁴¹- 66, 231 2630 -03, 320 613
-60, 232 3013 ⁴¹— 03, 322 2213 3031
*-66,233 3710 *-01,324 366
*-06,234 3711 -06,330 121
1-06, 236 3711 Orat. 1‚4 163
-67,236 63 -3,0 3413
·-ss7, 237 213 -3, 12 3231
1-06, 230 370 *-1,14 3031
1-00, 242 213 2-4, 16 3230
-00,244 2131 *-6, 17 3031
2-70,247 3711 6-3, 18 2510
*-72,262 2611 -6, 20 3334
-72, 263 21313213 -6,20

2--71, 269 230 -7, 23

⁸— 76, 261 2511 2-7, 26

11-73, 262 2033 -0, 29

-70,263 3331 -0,30

6-77, 267 330 11--0, 32

’-77,266 3711 -11,36

111-111311 3030 -13,13

·-70,273 160 *-11,46

-70,276 2111 6-10,38

-60,276 213 *-17,6611. 2010
-60, 270 3130 ⁴¹— 16, 67

’-61,260 3711 -10,61

’-62,233 16033 2310 2--10,.62

111-62264 1233166 -10,64

-62,260 2311 -23, 76

-63 267 2034 ·-23, 77

⁴¹—- 61, 266 1611 0--23, 76

⁵— 61, 269 2313 3031 -24,761.

*-61.200 2011 ’-20,63

-63, 203 213 -26, 67

...86204 161 ·-26,86

 

