400

‘pro Cael. 18, 43
-- 19, 40
-— 20, 60
- 28, 66

¹— 30, 13
— 31, 77
in Catil. 1 1,3
-1 6, 14
- 1 1, 18
-1 0, 22
— 1 10, 26
- 11 1, 16

¹— 111 8, 18
- 10 3, 6
- 10 6, 12
pro Cluent. 1,4
- 2, 6
- 3, 8

ι--10, 20
- 14, 41

¹- 18, 60

0-- 18, 67
- 24, 60
- 34, 03 ff.
— 36, 06
- 42, 118

¹- 60, 140
- 67, 166

¹— 60, 161
- 03, 177
—- 64, 170
-- 04, 180

'pro Deiotar. 1,1
pro domo 1, 1
— 8, 18
- 14, 36
- 18, 47
- 38, 102
- 41, 107
pro Flacco 2, 6
-- 11, 26
- 17, 30
-- 26, 62
— 20, 63

⁵—- 27, 06
- 33, 83

pro Font. 10, 22 (12)

INDEX LOCORL'M.

13 pro Font. 13, 28 (18)

030 de har. resp. 1,2
282 '¹- 10, 41
823 -28, 61

34 3ο pro Lig. 6,16
1022 - 12, 36
141 pro Marcel. 3,0
232 -6, 10
620 pro Mil. 3,8
3723 -7, 17
712 *- 12, 32
3723 -12,33
10211 - 17, 46
2811 -18, 48
232 -20, 64
132 -20, 83
3321 -36, 08
232 - 36, 100
213 pro Mur, 0, 21
232 ι-2, 22
213 -10, 22
022 ¹— 12, 27
232 ¹— 14, 30
401 -17, 16
3023 ⁴¹— 23, 48
232 -24, 40
1811 -28, 68
1321 -20,00
2123 -20, 61
203 -30,08
325 ⁸— 34, 70
lle -30, 86
622 · -40, 80
232 Phil. 11 3, 7
211 ·-1114,36
232 1 -1118,44
012 - 11 22, 63
232 -11 38, 07
232 -10 0,16
3427 -V 1,1
11 1 — V 16, 41
23 2 - V 11, 47
303 · -013,6
37 31 - 011 6, 13
10 0 - 011 6, 18
23 2 ⁵- Χ 10, 20
23 2 - X 10, 22

232
232
202 361
811
613
41

43

812 1021
232

 

