398 111001 00000001.

601111.11116,53 3110 de 011.121,93
-11111,57 181 -132, 117
-11101,10 2201 -131, 133
—IVl‚1 3800 -142,151
-Ι1123,63 350 9-111,211.
¹—V4‚9 3010 -119,32
-1114, 39 3200 -11 10, 37
-1120,51 3500 -1111,38
-1127,81 · 801 -Π11,49
91,00111101,1 340 -1112,41
9-1,4 1810 ·-1113,47
-4, 13 1900 -1118,64
-6,22 801 4-1119,66
-7,23 1900 -1121,15
-8, 27 2810 9--1112,9
-13, 47 390 -ΙΙΙ 9, 39
-13,48 500 -11111,49
-14, 51 4100 -11116,51
-16,56 191 -11126,98
-16, 59 2201 -11131,112
- 21, 86 1710 de 0011.4,12
-23,87 610 -10, 31
*de nat. deor. 1 4, 7 41 10 - 15, 52
-15,11 2410 -16,55
·-16,15 30 -16, 59
-Ι22,66 1010 9-18,63
-Ι21,15 10 9--19,69
-142, 119 410 -23, 82
-112,6 110 Τ1111.4
-117,26 810 -14
-11 19, 26 361 2000111001 1,2
-1111,45 260 4-Ι2,4
-1121,53 410 -16,11
-1124,62 410 -113,29
-1100,13 1611 -121,66
-1132,86 3511 9--132,79
-11 31, 95 1810 -142, 191
-1138,96 50 -146,111
-11124,61 290 -149, 116
-11138,91 1610 -111,3
’ν’-1114004 100 0-113,0
110011.ΙῙ,1 607 -111,11
*-11,4 3200 9-115,13
-12,6 810 -1125,61
⁸—1 11, 35 3610 -1111,2
-119,65 360 -1112,3
-126,00 5011*-1118,16

 

