INDEX 1660191. 423

Epist. 11616214 61 2966111619916 16 21
-56,4 1611 -99,19 916
-66,2 612 ’-99,31 1621
’-63,31. 711 2--166 221
-58‚5 2011 -100‚5 26113211
-68,1 311 -166,6 922
-69,1 2622 *--166,7 2116 221111 326
-59,1 311 *-196,8 2216 361
-66,15 1911 -166,11 3122
-16,3 922 -166,12 916
-70‚8 921 -161,1 62
-16,11) 922 -164,9 2611
*-11,15 21 *-191,2911. 21
-12,4 2316 -196,6 2321
-12,9 191 ἰ-169,4 2611
-73, 13 3621 ἰ-108,6 2911
2--71,1 40³ 6-196,36

2-11, 16 16 21 -193,33

-16,3 1821 -169,8

-16,8 3921 -116,1

1·-17,29 1621 -111

-79,14 1111 -114,3

n-wa 91 ι-η11·

-83,9 116 6-114,6

-84‚3 61 -111,19

-86,13 3626 2-111,13

-sm 3921 -111,14

-66, 12 2621 -111, 16

*-38,18 166 -116,7

*-68, 26 1621 2-116,13

6- 8336 321 21128111112

1’--39,3 3016 Medea 134

-69, 26 3626

-99,2 311

-221 mm “mm

-90, 26 2926 22119613. Aen, 1 269

-90‚ 33 3211 2--1332

-92,21 2121 -1697

-94,49 916 ·-111284

-94,41 916 2-11663

·-96,14 2611 12-9621

·-96,611. 1321 -V111517

¹-95.58 315 —lx 214

*- 96, 6911. 21 *1611611123

*-97,1 1311 2112 ’1-11196

-97, 16 2161 · ⁴¹— vl 11

2-96, 16 621 1 2-91121

 

