334

de 1111. I 34, 139

·-1 3011.
-1 11, 111
*-1 30, 130
-1 31, 100
-1 11, 111
-1 13, 111
1-1 13, 111
-1 11, 131
1-1 40, 134

, ·-111,1311.

-1 11, 131
·-1 44, 111
-1 11, 111
-1 40, 303
·-1 43, 313
ι- 1 43, 313
—1 40, 314

3-1 111111.

- 1 00, 313
—1 01, 333
-1 11, 111
-1 11113
-1 11, 111
-1 11, 131
-1 00, 330
-1 11, 343
ι- 1 11111
1- 1 00, 300
-1 00, 301
1- 1 03, 303
-1 03, 304
3- 11 1,4
- 11 3, 0
1- 11 1, 11
- 11 1, 11
ι- 11 1, 11
ι- 11 1, 11
ν- 11 1, 11
1- 11 3, 3411.
33--11 3, 33
.- 11 10, 43
- 11 11, 11
1.- 11 11, 11
- 11 11, 34
3- 11 14, 03
1-11 10, 03

INDEX LOCORUM.

3111

3011
2211
2211 311111
201

1011

71

71

3311
3111 3211
111

3113
3111
31111 3211
11

911 101113
1013 2111
181 191
3111
3111
1711
2111 3111
111

111

1011

11

711

2011

301

011

1010 241
3010

211

3011

21

3211
2911

103

1011
2011

911 3011
311

131

1711 2211
1011

3113

311 2211

111 orat. 11 10, 04

- 11 11, 11
- 11 1311
⁴- 11 33, 34
1- 11 30, 111
- 11 11, 111
·- 11 11, 111
- 11 13, 111
1- 11 30, 130
*- 11 30, 131
- 11 11, 133
- 11 31, 104
- 11 33, 111
1- 11 33111

- 11 11, 111
ι- 11 11, 111
- 11 11, 131
1- 11 11, 131
- 11 13, 111
1-11 40, 131
- 11 11, 130
- 11 13, 111
- 11 11, 111
- 11 13111

⁴⁹—- 11 04, 11111.

3111
3211
2311
1311 2311
133
3111
311 3911
331
1011 133
011
2111
1211
121
1813 2111

19 11

-1111,113 ·

-11 04, 313 fi.

- 11 11, 113
- 11 11, 111
- 11 11, 111

4- 11 00, 344
- 11 11, 111
- 11 11, 300
- 11 11, 111
- 11 11, 111
- 11 11, 111

1- 11 11, 111
- 11 13, 311
- 11 11, 111
- 11 11, 334

1-11 31113

11-11 33, 303
- 11 31, 333
- 111 1, 4
-111 1, 1

·- 111 1, 11

 

