499 1111191 1090111111.

111 verr. 11 7,19 711 ad 11151 19,3
-1119,41 359 -115,1
-11 21, 59 939 ⁵—II 99,9
-Η95,91 939 7-1715,4
-11 97, 95 359 ⁵— IV 15,8
7---ΙΙ 35, 87 199 ⁴¹—— 17 16, 5
-11 39, 99 1911 —- IV 19, 14
- 11 75,185 3411 - 17 17,3
-1119,187 9911 -711,7
-- 11 78,199 899 - 71 1,19
-113,1,3 4919 ¹—V13,10
-1194, 59 191 -7119,5
-1141,99 939 - 711 15,1
-1141,98 939 -71119
-Η49,99 939 7--Ι179,9
-ΙΙ49,111 11 —XII,3
-1159,199 419 -Χ19,9
-1199,191 3311 - 1711939
- II 78,181 9811 -- 1111933
- ΙΙ 4, 9, 91 59 - XIII 39, 3
-11 Il, 99 8911 ¹— XIV 1,9 91911
-1117,38 939 9-117 19,9
— 11 93, 59 1791 -Χ713,3
·-ΙΙ 94,53 931 -XV14,3
-1195,59 9994 -Χ7Ι8,9
- 11 97, 99 34 91 ad 9111111.1191.11,9,19
-1137,89 991 -18,95
14-1143,95 931 -1 19, 37
-1144,98 939 *-113,9
-1149,197 81 *- 11 19,3
-1149,199 939 -ΙΙΙ 3,3
-- 11 59,111 939 ’[95 Bam] 1 15,1
-1159,115 983 1111191111 9,15
-1159,117 3991 -19, 19
-1159,194 939 9-19,93 5191119
- 11 57,195 939 -111 19, 1
-1157,199 939 ⁶— III 11,9
- II 59, 139 939 - 17 9,1
-1199,148 99911 -178,1
-II 5, 9, 99 939 -1719,9
-1119,94 3511 -79,9
-1158,159 939 -79,9
-1199,157 3999 -719,5
- II 98, 173 939 - V 13, 3
ad Att. 1 19, 9 985 - 711 9, 1
-119,4 99 ’-71139,1
9-119,3 34⁵ —V1133,2

 

