’do 11111 ΠΙ 4, 16
⁸— 111 9, 23
⁸- 111 7, 25 71
¹⁸— 111 8, 28
- ΠΙ 8, 29
⁵— 111 9, 34
- 111 9, 39
- 111 19, 25
⁸— 111 10, 39
- IlI 14, 51
9--111 14, 53
- 111 14, 54
⁸— 111 18, 65
- 111 18, 69
- 111 19, 79
— 111 19, 72
⁸— 111 29, 74
⁸— 111 29, 76
9- 111 22, 84
9--111 23, 86
¹- 111 24, 91
⁸— 111 24, 93 fl.
— 111 25, 99
- 111 25, 99
⁵- 111 26, 191
- 111 27, 199 f.
⁵— 111 29, 115
2--111 39, 121
- 111 31, 124
- 111 32, 129
⁸— 111 35, 142
9-- 111 37, 148
'1— 111 37, 159
⁸— 111 41, 195
- 111 47, 182
- 111 48, 185
- 171 49, 187
9-- 111 59, 192
- 111 52, 299
*- 111 52, 291
¹*— 111 54, 296 ff.
— 111 55, 212
⁴⁵-— 111 59, 214
- 111 57, 219
- 111 58, 395
*Brut 2, 9
¹- 2, 8

INDEX LOCORUM.

11111 Brut. 2,9
3211 ⁵—- 5, 21
1811 -7, 27
181 -8, 32
1511 -8,33
18111 2--9,36
381 -9,38
1311 9-19, 39
181 2211 ·-19,41
1812111321 ’-11,42
511 3911 ’-12,45
39111311 ’-13,59
· 351 -13, 51
1811 -15,58
391 ⁴¹-— 15, 61 fl.
1911 3911 2-19, 91
3411 2-17, 67
3911 ⁴¹—- 17, 68
3911 3211 2--18,99
321 2--21,82
1911 2-21,33
354 2-24,93
1811 2--24,94
3411 -25,96
911 , 1“-29, 98
1911 2--26, 191
3111 2-27, 193
2911 3111 ῢ-27, 194
391 2--27,195
3211 -28, 197
261 -39, 114
281 , -31, 117
22111 *--31,129
511 *-31,121
1011 ⁶—32‚ 122
131 1-33, 125
3211 -111, 126
2211 111-33, 132
2111 ·-38,1433.
2211 -39, 144
411 2-49, 149
1311 -42, 159
291 -43, 158
11 ·-43, 159
1811 111--43, 191
3911 -49, 179
221 Ι -48, 178

395

111

2111
2511
3411
2211

1811

1511

1911 181
1911

311

3711 4911
4911
2311

3211

181

181. 11
181 2111
1711 1811 211
181 2511
181 2111 3411
181 2511
111 391
2511 3111
811

181

51 3911
181 3411
2811

181 3411
181

3111

181

2111 3111
2511 3111 3211
161 3711
181

1411

3111

1811

3311

2111
2311
181111

 

