V 7, 30
V 10, 171.
V 10,1
’1 10, 9
V 10, 35
V 10, 43
1 10, 57
’1 10, 100 f.
’1 10, 115
V 111121
V 11, 0
V 12,13
V 12,14
’1 12, 17 ff.
V 13, 2
’1 13, 3
1 13,11
’1 13, 48
11 prooem. 10
11 prooem. 13
11 1,1
11 1, 0
VI 1,11
’11 1, 35
’11 1, 43
’11 2,1-20
11 2,11
11 2, 10
11 2, 25
’11 2, 20
VI 2, 30
*VI 3, 4
11 3,17
11 3, 21
11 3, 38
11 3, 41
’11 3, 42
11 3, 52
’11 3, 55
11 3, 07
’11 3, 70
’11 3, 78
11 3, 70
11 3, 03
11 3,112
’11 4
11 4, 1

INDEX LOCORUM.

2οῖ ³ 114,14

1011 ’114,10
3112 ’11124

21 1 111 2, 21
1111111111 221]

21 1 111212
3311 · 1111 1,1

11111 ’111121

71 111131
1111 *vum

211 ’11111
011 1117,15
3121 ’111113
3511 ’111114

341 111 0,2
3411 ’1111012
311 1111110
81 1111 1110012122
312 11111110011110
28 *vul prooem. 13
3012 1 1111 11101221111811.
34111 1111 prooem. 29
4012Ε’11112,2
4111 111124
2018 11112,7
017· 1’1112,11
211 ἰ 1111 ,1,1
3021 111137
2812 1111322
612³ 1111121
017 1111329
231 ’1111352
0311 1111357
221 ¹ 11112111
ῑιῑ 1111113
21211 11111181
1310i 11113,δο
1721 1111389
231 *vul-132
8³ ’1111711
201 11111112
261⁸} v1115‚8
20101’11115,13
347 ·V111.5‚15
910 11111128
345 11117132
211 1 11111111

 

