1131. Disp. 111 9, 19
-111 31, 76
-IV 1, 2
—IV 11, 26
-117 20, 46
-IV 26, 57
- V 9, 29
—- V 13, 37
⁶— V 22, 63
- V 24, 69
- V 25, 72
-— V 28, 80
- V 26, 82
- V 31, 88
- V 33, 94
³- V 36, 103
*- V 31111
- V 40,116
de rep. 1 2
-Ῑ 2, 2
1-Ι 8, 13
- 1 16, 16
⁵— 1 11, 17
1-1 13, 20
1-1 19, 31
³—1 21, 3411.
¹— 1 29, 45
71--1 46, 70
-11 1, 1
- 11 10, 34
¹— 11 23, 41
- 11 27, 49
- 11 26, 56
-111 5, 8
-111 6, 12
-111 15 (14) 23
-111 36, 42
- 111 32, 44
⁸—- IV 3, 3
-117 4, 4
*- 117 10, 11
-- 171 11 (2),11
- 171 24 (6), 26
*de leg. 1 1
11--1 2, 6
-1 5, 17
⁶—1 6, 18

3211
253
35 11
2211
2211
3213
46 1
4 111

31

INDEX LOCORL'M.

de leg. 1 11, 31
-1 11, 32
- 1 14, 40
— 1 15, 42
-1 17, 47
- 1 18, 49
-1 19, 51
— 11 15, 38
- 111 6, 14

· ¹— 111 18, 35
- 111 18, 46
de leg. agr. 1 8, 21

-1 3,11
- 11 1,1
- 11 1, 3
- 11 3,1
-113
- 11 13, 31
- 11 11, 31
- 11 11113
— 11 11, 31
- 11 13,11
- 11 31, 31
- 11 31, 88

. -1131,31

— 111 1, 1
pro Arch. 1,1
- 3, 4

- 5, 10
- 5, 11

,1 -8,16

-3, 11
-13,13
- 11, 13
- 11, 31

. pro (1131615

-11, 11
- 18, 82
-13, 13
-11, 11

,1 -26, 74
· - 27, 78
1 - 34, 98

- 35, 102

· pro Cael. 410
· -011

⁸ —921

 

